20141027
20141120
20141214
20150107
20150224
20150320
20150413
20150507
20150624
20150811
20150928
20151022
20151115
20151209
20160102
20160314
20160407
20160501
20160712
20160805
20160922
20161016
20161109
20161203
20170120
20170213
20170309
20170526
20170607
20170701
20170806
20170905
20171011
20171104
20171204
20180103
20180202
20180304
20180403
20180503
20180602
20180702
20180801
20180906
20181006
20181105
20181205
20190104
20190203
20190305
20190404
20190504
20190603
20190703
20190802
20190901
20191001
20191106
20191206
20200105
20200210
20200305
20200404
20200504
20200603
20200703
20200802
20200901
20201001
20201106
20201206
20210105
20210204
20210306
20210405
20210505
20210604
20210704
20210803
20210902
20211002
20211101
20211201
20220106
20220211
20220307
20220412
20220506
20220611
20220705
20220810
20220903
20221009
20221102
20221208
20230101
20230206
20230302
20230407
20230501
20230606
20230712
20230805
20230910
20231004
20231109
20231203
20240108
20240201
20240320
20240401
20240507
20240612
20240706
20240811
20240904
20241010
20241103
20241209
20250102
20250207
20250315
20250502
20250601
20250701
20250806
20250905
20251005
20251104
20251204
20260103
20260202
20260310
20260403
20260503